#img file/file foto.
10101001000101010101001010011001010101001010101010101010010000111110101010100101010101010101010100101010101010101010100101111
101010010001010101001000101010101001010011001010101001010101010101010010000111110101010100101010101010101010100101010101010101010100101111
1010101001010011001010101001010101010101010010000111110101010100101010101010101010100101010101010101010100101111
101010101001000101010101001010011001010101001010101010101010010000111110101010100101010101010101010100101010101010101010100101111
1001000101010101001010011001010101001010101010101010010000111110101010100101010101010101010100101010101010101010100101111
10101001000101010101001010011001010101001010101010101010010000111110101010100101010101010101010100101010101010101010100101111
101010010001010101010010101001000101010101001010011001010101001010101010101010010000111110101010100101010101010101010100101010101010101010100101111
1010011001010101001010101010101010010000111110101010100101010101010101010100101010101010101010100101111
10101001000101010101001010011001010101001010101010101010010000111110101010100101010101010101010100101010101010101010100101111
10101001000101010101001010011001010101001010101010101010010000111110101010100101010101010101010100101010101010101010100101111
